730
440
578080
1063730
252950
489830
232770
367520
218230
8930
466240
594570
233450
374320
413150
1174180
10190
1203220
250900
223470
273110
40
370910
648800
285800
300
225840
278360
219990
632360
231430
360
582660
420
239140
251570
700330
30
275390
438100
72850
268500
863550
439700
50
339610
20
203160
10180
346900
387990
221380
273350
219640
204360
221100
333930
80
70
532210
677620
319630
255710
241930
377160
253710
427520
8870
1145360
1046930
1100600
1286830
109600
844870
1172620
813820
275850
15700
976730
588430
698780
60
224260
96000
289070
814380
322170
883710
306130
489520
493520
760060
292730
234390
1007040
384180
209540
548570
346940
321400
217750
1286680
1476720
375950
644830
1504570
211740
1444740
428430
48220
224480
203630
211600
71250
503820
251950
542340
1213740
351470
253960
1369630
611660
573090
1238020
799960
557340
1364960
237990
225420
220780
1129580
410110
512900
215530
531510
301750
215830
285330
217920
9350
1218740
347560
394690
301910
247020
332310
206190
592600
506670
2280
363490
672680
205710
404730
39690
311730
1264670
300550
310370
215930
496240
201230
39120
979690
107300
751780
298050
604240
6800
384300
700600
17500
905640
1150690
527770
1089090
315430
320240
1397920
843380
705220
288160
234080
326960
39200
274520
1283220
858810
589360
599390
305050
774361
533540
535230
562810
276810
390670
552620
438680
371660
1227530
360940
1674470
321360
469820
1262560
307290
15120
375910
429050
1238040
39150
795100
1301720
268870
70300
1162520
631510
851100
690510
1359090
2820
1475380
1046030
620590
413410
1092660
954740
24790
257850
241540
496680
1118310
311560
460810
47400
95400
747660
254060
91700
252410
555220
91600
449200
427290
559650
1569040
837470
266510
388880
1016920
1049800
287370
790710
1017900
2810
533780
997070
211160
564710
1843760
63710
301760
450540
745920
45760
234190
362930
6030
429660
324810
264200
7650
263060
239070
207930
992300
6980
252530
1147690
433350
747610
224920
330840
314280
1818750
526790
513510
9200
220860
372360
32360
1024890
560130
1892810
1207650
257420
654880
493490
1900
1189630
813630
254320
386070
1066780
385800
1044200
343360
214170
1064610
658850
320300
258520
91200
257730
515690
1384160
446800
1238060
690040
710920
1672970
7600
3700
753640
753420
1201240
32400
391070
515180
219780
405640
212800
327890
410210
32380
562360
282800
12150
418530
351940
585690
597170
9160
7520
24800
293780
8140
213610
362680
39190
331600
10150
743450
442120
302590
64000
567680
707010
495910
11450
798420
94590
236150
266210
1506630
531640
584400
994280
212200
2350
438020
12170
736260
339600
368360
232010
362490
249650
428950
794260
471550
632350
70600
536220
879160
307110
287920
404410
385770
512470
369990
732370
773951
360170
874240
895400
567640
383580
667890
760510
641320
221260
960990
541300
234330
368990
46500
921590
372000
312280
485610
498240
398710
973580
1061090
1621690
40700
447530
397060
595520
13140
607050
473690
393530
249230
544920
207170
677120
8800
250180
1530
396750
213650
625340
691690
613010
375230
502520
553640
950100
201570
503940
2200
513780
826630
40990
374280
1238000
392160
412600
281610
329000
1296830
296470
758190
16900
341310
274290
242880
306020
1252330
268850
222940
1520
35130
253230
489940
499420
365300
1041720
3990
243970
420110
415200
253900
285160
1209040
205910
8600
941460
529180
397950
828740
231160
219830
933110
487220
946050
403900
626690
413420
375480
200900
616560
248610
1009850
1328670
690830
443810
227180
627270
247430
412220
290300
384190
223830
377840
202200
359870
1758910
414530
70400
410900
394310
412880
1104450
270850
1436930
434170
985890
383150
503560
537800
339340
332570
625960
544750
25000
236690
411300
238260
297130
436150
15170
692850
287980
98200
931690
860510
12830
352400
300380
480430
921630
40300
711810
792220
1200
252850
8080
422250
449960
694280
451340
226860
321960
107310
295790
357900
981890
916440
673950
1388770
1476970
348250
375510
1089130
99300
2300
504130
882790
428690
107200
436180
342180
385070
108200
372800
939850
359800
282100
250420
31290
377300
1510
42120
619150
617830
1121910
909080
58610
334210
587620
218640
327030
405310
205950
12140
476620
250600
434570
522210
12180
48240
285920
333600
301970
13210
239430
361280
1026820
246420
764030
960170
597220
673880
1267910
322190
338540
688470
734580
290730
728530
22100
240760
903950
468240
22600
690530
32510
427100
611790
541570
1262540
666860
298260
356310
1012880
249050
423710
1605220
7660
329430
232430
1349230
670290
232910
973760
724970
305260
351970
65540
104200
1094520
718670
250760
528230
606880
1088150
34830
523660
1022450
609320
31270
1013320
682990
244090
834530
1237980
701160
610080
234670
266430
268750
332500
402710
233840
313160
11610
712100
378370
400040
1288310
640590
774241
283640
402570
649190
464060
285310
1096530
997010
638230
46510
955900
1024380
274900
272510
228300
260230
393420
323060
611670
241560
220740
960910
268130
891040
1290000
950670
859580
288470
393080
1116960
269950
851850
501300
253430
814540
255520
987350
25890
443110
313340
653530
591740
528510
9010
12710
509980
511800
977400
323470
517630
423230
253030
688420
203750
204030
546050
20530
1241110
212480
399790
403190
1304400
603850
1307550
17740
438180
91330
1302240
496300
13240
261180
221680
289950
972660
28000
242680
6840
78000
1966900
224960
362960
223100
323910
1106840
358130
924140
388090
934840
1127400
222730
575110
311290
253250
420530
1266680
65780
311240
438640
360830
533300
94200
398850
953490
2600
45740
1041320
212390
1124300
326460
479130
314000
578650
1468260
332800
1203630
1401750
678800
991780
13230
232790
397720
350080
485310
431730
3170
233980
259680
265300
209650
1250410
204060
822240
354140
98400
498320
26900
18500
1164850
847370
327640
418340
1178490
365360
1036700
211400
17440
345180
552100
557180
1509960
462930
6870
1210320
882100
399810
690640
6370
589870
249990
337320
572890
488790
823500
39510
339470
704450
920210
299740
1056600
258180
8000
23310
248860
508290
1448530
746850
574820
686200
22300
49600
225640
292120
400170
247000
21130
294860
304650
999220
319910
1048540
421020
215100
444480
895870
506610
866800
24720
317250
1407530
654990
375820
1549970
21000
1180660
263540
17340
614570
234510
1097840
1211020
1030830
256290
238210
214770
550470
915320
248390
1291340
356570
519190
208200
514900
1408680
589290
1120810
1149460
732690
302380
859570
351640
298180
731490
280160
349720
39650
7510
535760
805550
1262240
1062090
474750
341940
94400
9050
1325200
389460
313730
1241100
428550
607260
462770
230190
1128000
400630
368230
1372640
351030
239660
364050
1189490
996580
1586820
25700
706490
1485250
263200
501790
782340
524850
1156990
272990
1631930
1254370
1393270
2052270
791470
1443430
389980
275510
325520
908620
612300
1836180
460850
1424330
1062960
369440
722730
1444170
1073910
1416240
324650
1261180
1205960
491770
598070
334620
1610
25910
461010
577690
879250
502370
953880
927860
863590
1306570
483420
722230
575510
1072040
487700
751630
205060
1918680
1883230
675690
1588510
1059120
1203680
1060320
1662840
609110
558260
1641060
1208600
839930
505640
562270
839680
393190
90200
1919750
335900
961620
1411380
451920
840410
208620
530540
821680
573210
952540
1185530
1470660
666150
263720
1641330
671720
207380
259620
477870
926520
1342900
255390
937350
616610
521500
1693990
512160
263860
1153430
253290
1202540
1263920
1438710
615090
1451740
638920
332630
1263070
1212450
1076200
1377450
332580
365020
1360620
1363770
233210
755980
908100
267940
259660
837600
1452950
1454500
461760
248330
336610
1361010
377950
271670
403510
344630
821500
7840
525700
658560
289360
349520
1549070
415590
1243140
886470
1000080
1245540
557630
1984220
812550
1447000
1655720
23600
290000
620190
872670
357300
1035750
449710
384960
307050
261880
15270
320630
496440
260330
304580
1929870
1386460
1099410
1497640
42810
446560
734550
817920
1164050
1083210
730390
1370950
506870
1592110
824000
1101850
284830
335120
263380
963690
1129110
883360
565120
873910
34277
1077730
484870
1546920
1786200
432260
47540
914750
252450
778850
745330
1855950
1141550
429720
977230
850230
1248810
1248270
569800
235380
984800
546490
251830
625140
258880
245300
214570
369110
1359900
604330
310740
1807730
1172510
634340
598450
345460
390200
557890
872820
699330
284750
626010
673260
1144800
476540
710030
706020
22500
302350
1889650
461180
1805360
1057750
1452830
513890
348200
269030
1621070
1770630
782690
827860
200230
1297300
1283630
347290
223430
329020
974950
1516960
597150
645730
1153130
39640
348960
1146310
644540
963450
1668690
389400
1456820
370620
384150
1229900
1440870
1549140
735450
1686370
1761660
306670
589460
423700
1096720
427940
1146370
358400
228440
248450
1448520
1265920
765640
543030
71000
418250
279440
717790
1487320
1173200
1358140
1164100
268200
1513950
617480
239700
567280
529060
327310
1393750
1408100
380580
293160
1510930
1423420
1175890
275570
312960
46570
1010860
1647050
1608470
1504150
1135260
788470
80200
649890
912570
510620
520950
376140
676820
341870
865180
1135230
358210
1091010
1594320
1063790
803080
231720
431260
1547470
507400
981430
809020
115200
529670
1379560
1139800
286480
486860
378300
423620
437000
1984490
1217190
15900
843660
1276850
334690
1175720
791380
319760
1389510
793370
343560
283960
434890
544420
1343620
500590
550670
589320
618610
355860
1131740
207400
555630
1476340
1224020
354860
371190
717190
914020
684350
607380
496730
722560
500570
460960
1251930
31930
345440
486150
1377680
489170
707580
427470
353190
793690
1475570
324260
1340850
201000
1257290
1681350
1517960
326990
922630
714250
370690
539650
1356040
521130
268260
689070
510420
548080
1061010
601930
905300
865090
390100
433300
45100
11050
1567460
1040070
321260
466740
1630
1641670
1223500
780670
292420
392820
466720
288040
1275590
818320
561770
319230
1731040
1082680
322850
1369470
566090
508530
663670
269810
552140
612720
598780
1453600
800350
819950
260790
1464840
432290
722670
259980
1248800
567380
1318790
303720
1043390
609150
1882820
302310
482330
375710
555670
546990
281450
746910
1708570
1382670
1724410
278620
1201330
1250650
810660
431180
1229460
999270
1190130
434820
334850
1065390
490860
439550
267340
266230
547590
1164390
1649730
757350
449210
230650
427550
270810
342940
596870
354680
1186740
1288790
1003090
525680
1639780
446770
887530
640310
831980
366440
398970
453290
389810
546930
377070
320400
552280
462220
280040
556240
633950
1888120
310110
768450
956580
568930
416380
1640260
1019250
431590
1879560
491580
738080
1165850
1259790
350070
337490
290040
668770
371180
574440
1526790
757480
259390
851890
586750
584780
339210
1022980
320670
218020
264540
355170
310700
527270
366220
947300
560370
361670
62000
1600
984560
1016390
1411920
427030
575890
552440
342970
413730
394220
349220
1480560
746510
833040
1440050
497730
1476920
589530
722340
470130
1125480
538810
286770
1149440
1567370
992730
468570
252430
1543150
411080
708340
394280
1711950
1397010
863560
968440
1500
1633820
703320
223000
402180
420880
332700
1356280
371510
60600
1395310
1995210
3430
246740
572010
316890
1399480
655100
530120
1324070
1732190
474210
1056330
1543080
248410
364640
861930
457820
293880
551860
511160
505630
843890
530240
12370
1294760
458480
1742450
250380
299070
773670
1484280
295930
546230
834880
644390
765900
951530
622720
267960
1449280
719730
622370
272010
673000
826600
1627220
1606940
404700
1337600
1247880
1180250
330180
297110
1359300
1364290
588190
1540780
443260
285740
890400
444940
1112930
864020
503830
512700
698640
476240
1302110
556130
293740
1566390
578830
454870
428100
403940
404200
508300
1415200
280520
674140
314240
579110
1879380
740200
444720
1674890
410850
447780
888690
1193200
437420
787740
289840
769970
967130
589420
422900
485360
770390
676630
1372260
906790
623920
567750
874400
1402320
925930
525640
466890
349140
1695340
259170
1863250
508980
1288330
514490
866510
515960
436260
533340
389160
1393970
585840
1330290
1314460
263480
1026840
650720
555750
1272060
1385730
214630
876200
486780
1800650
448370
650090
465170
580910
588730
1472250
1426790
355520
1288420
1168610
1233030
1055010
402850
1923860
1107790
1049660
18470
434430
725340
1373780
253770
1507190
299600
510490
404620
1011510
32140
711540
543870
7020
433210
1803420
1390370
1541690
35320
423590
609920
1365590
1421760
593330
691540
612540
287900
448080
621880
1163870
1410370
774511
46340
750130
764570
1948930
518620
1577120
524030
1397690
671620
343070
284410
1471200
348950
497850
869880
410890
876650
443370
355430
825730
515910
514090
490450
588440
610750
12520
1097580
403980
573170
933300
931650
393980
915540
277110
485830
1299360
1720770
659460
1225780
524010
289580
23530
300320
1655910
944020
274010
314590
684380
907310
287070
1477590
2900
632050
1429700
946040
1005870
390870
1235360
536750
1484720
864060
260130
207530
375120
427510
971460
634230
680310
269690
909660
754150
357330
275810
632200
1554700
451980
692270
289180
18420
1203710
713650
12690
571530
338130
1076530
1097350
592200
1016930
761460
609100
1561800
504300
1829980
1318420
422130
414080
244690
447120
33680
1819160
1600890
574580
289800
487430
770440
230150
447270
12790
850630
466130
1276550
267060
497860
777880
502910
363420
475490
1084980
1505830
921780
38210
1371050
346370
1491120
767420
1275540
743130
824600
711660
446780
286380
591360
449300
1213460
251630
3410
619310
821610
836770
251290
1293950
1510030
1144110
4870
673190
841190
458330
444620
1018800
792710
1833300
924650
576650
1611600
923260
1296840
1424980
1335830
1289380
489560
286300
350010
453340
492500
389870
491000
552970
636580
2525
1069360
1515140
521630
1338980
315860
622470
1164250
635250
1081560
321980
1013870
546400
493310
588160
260930
571340
512020
885570
370190
1896190
643980
1380220
361890
886960
1790560
704860
1646930
1471040
731770
319250
865610
478010
643810
1686980
951500
92600
927890
42850
375850
431810
745560
449730
758980
550840
370280
1743140
310450
278570
622870
440310
348730
279940
1331120
540360
422420
946990
268240
449530
686680
234920
1687280
603190
1456280
1124090
1633470
1090580
554330
1972440
1253870
543360
889510
2059550
1373310
255340
1370050
1462680
1161300
306200
1841220
386080
1225580
375580
291710
715380
2012500
1820320
426560
420210
1058130
466490
1020820
590590
332490
1221250
361360
252010
1436240
972280
33650
576050
406870
783590
1042380
46410
457960
1226510
591990
348360
1069650
598600
399890
645230
671970
18460
1713410
453750
1067810
688630
1463960
885150
283940
1157750
394700
1139890
933540
1171310
348450
607880
900400
622170
946720
594720
1609080
432380
747920
424000
1605010
996000
934930
1904860
897730
529900
26000
390520
211900
25930
1032120
1097000
582920
268320
783170
1134700
805520
304910
887720
567040
286810
623840
376920
457760
476420
1524160
410820
1517870
1398100
229790
882960
46000
686900
1877360
235820
1379020
1493800
366870
50510
709820
1433860
1266690
719750
871170
248310
1179210
302850
913550
849940
380550
659630
714100
8340
336150
408400
718790
1563950
890880
945710
1077970
429700
771840
291910
533820
1366290
32350
1089080
449020
1500470
856880
514460
580040
493060
763970
699670
962630
762630
873240
391490
791150
747340
588180
1334010
639780
385150
1370410
1635450
342640
594550
3800
289500
871420
2017980
874030
542350
422810
695290
751200
741820
303510
532770
317850
1260810
526290
332650
1278000
1491730
404640
307090
303310
575580
1220150
787400
322540
646200
886160
592730
342310
1942440
496650
102850
465020
485390
1597670
18120
915460
716630
1769420
740470
1003520
395500
290510
284870
290650
464150
703980
673900
11260
1542330
21780
1268960
812040
329460
998660
345860
1068640
92220
522340
339350
471810
601180
1633550
1005910
473470
1412470
487580
820630
1172050
1346400
708450
545690
1164690
1353130
1451480
975270
1614020
1474000
587220
849210
855740
1879330
503630
1015770
465490
352700
345060
1248820
92300
1219590
1906150
1730630
1500650
1055210
300760
377870
934850
1353100
342230
1455660
574080
844960
1201630
1874010
370640
1227280
1392060
711750
741590
9760
18050
463000
1397350
248370
460700
200490
563150
885810
767390
289890
790790
608760
511630
311870
1233260
313780
270630
547410
1145570
33770
392470
331340
255940
1066260
855640
281860
727280
1508270
388050
1543460
1316910
1252250
648580
355980
252230
801020
528070
417750
1546860
1407420
717560
1383920
1735950
1018020
455710
674930
566860
1129220
1714420
400510
860960
12380
703280
1586270
1028630
573060
1526780
909320
732360
46520
34275
348030
227760
46600
357720
574070
1344800
1582510
1507410
42900
1423010
205870
398000
201490
567060
745760
840010
794490
554800
552570
1050280
844850
1090760
509600
492290
344410
1254900
1695840
23700
420440
1323190
246760
995050
323460
1057680
364300
320840
1211360
379870
1300060
433280
1040420
542590
208110
750050
34278
1523370
830580
1415660
1470870
61100
562470
894630
372490
457600
470780
1460540
31830
726110
855530
540640
207000
586350
897030
485690
1977230
46280
240970
316480
946010
1587130
1848450
424640
521470
451780
518920
27940
764430
1239320
1219310
1087280
320320
289400
673800
1189440
754350
1487390
212700
338120
264280
675630
794820
361380
429950
657240
1094920
402060
407620
1209750
797390
1360890
758010
1259430
1218280
416260
512740
579720
429780
1553570
1173510
614630
348790
953230
809000
416670
1555400
493780
248190
269730
1210610
1853890
2370
888040
673620
1249130
349510
755150
529950
861920
1101790
1988050
968970
876500
328070
289280
1232460
672730
575630
761030
1384770
454350
455820
1787440
734330
301220
468320
294540
15240
811750
691830
613590
57200
227380
944010
1527090
590280
1357490
355240
1307090
1480210
330680
721090
936500
1369670
63110
788270
674960
521590
1181830
108700
427760
691450
381020
373290
965320
403430
1545450
1792250
1049280
277650
1001800
531190
361600
575830
504050
104000
676430
559330
254840
497360
950530
1815270
717950
990260
1116550
408110
858060
615700
253690
346830
402530
1257360
6600
47000
893010
448980
892630
1570070
647000
529490
1556200
878320
837510
526880
259760
283370
517010
1263860
335840
1472660
703970
1623640
211340
328590
489380
266050
206020
1140740
1421610
485370
907000
46360
1173810
734290
251850
1390680
408760
301540
537110
405000
1463030
698260
1109570
322300
353090
251690
1387580
1383770
461510
534290
873960
1358710
1859280
295250
1206430
463980
366690
630610
1281150
535850
1681920
509110
260250
603010
549100
268990
889220
377760
262450
253390
1419730
361550
612520
697900
307340
364390
454250
1546010
1289830
1455630
1741520
555610
1227260
383520
389650
281220
1798420
838990
267610
283980
700570
311720
16600
363960
365770
1345830
716640
1452850
203990
696220
250680
503480
443860
265000
379290
1570010
457320
51000
1547380
1391690
612570
279900
1509590
675240
1036490
311400
491280
927730
1016790
414950
573130
639170
877300
497100
1715370
17140
704190
850000
1103100
617710
1812580
18820
116120
1703030
1536070
1113030
1098190
886460
659540
628700
836940
443360
619880
409000
2018270
542710
444160
542690
1104330
427910
29900
576940
1557050
1210770
542790
1394800
314610
792570
1198090
1096410
365260
18040
3380
1931240
795630
987900
346080
363110
973000
1581990
260690
337270
343280
236790
1571120
692920
539330
495110
1358490
327400
1354370
621000
1333530
1357580
1320950
414660
1015930
472060
555970
209230
966610
1045130
997180
327010
809440
1479500
868080
1062830
1547420
227400
1126190
615400
882140
999020
578590
1427640
677340
1077440
442000
353110
1894770
1069660
1207850
622920
842420
7220
313660
578850
32630
715810
861940
438920
1369340
964070
1178230
45400
588970
359190
46750
1287150
1045720
371500
1216080
404850
370460
360510
532190
462100
489020
603880
1688980
809540
1922880
1463730
488910
397690
979640
1188920
249360
205550
1045850
350910
1293180
1305050
1225810
314150
504880
1347140
1057180
972010
868190
748370
1570760
1486660
954650
530390
1550710
487600
887400
454180
517910
362400
3710
429300
1125980
331750
1566050
937980
718590
388060
716500
398450
325420
336060
764510
340650
363090
860620
1352330
565550
346670
1092430
560430
727850
1122120
1280700
1868000
1345740
755890
402750
359100
884770
939330
1547110
328460
449610
671310
705550
953570
840720
644610
47880
618720
880830
1134030
555640
1499030
1333410
914690
258590
1439970
618080
1477570
302340
1294220
1740720
338550
1636910
408120
418190
846200
953580
206060
1531540
1304680
823600
458000
347660
1188680
337850
747360
691930
1381770
943980
1606640
332330
1031480
871530
301980
479100
1606980
1531250
458030
243220
294440
716900
528300
451840
587580
1488420
722250
572220
1587560
513930
200410
487250
570420
1398630
889530
1920320
327860
1269150
294790
1327430
1017060
346470
490920
1691560
1359980
1990400
410390
1494460
1861290
773240
848500
23420
1608010
505740
630900
402220
1219480
944220
504000
600090
1084020
407980
1772710
364910
874650
305920
592580
1637030
110400
222660
1185370
1695830
269250
1170640
356520
1037590
594050
722180
940910
279740
838630
742500
311040
971620
273820
1021070
1324780
770810
966320
376680
960190
1741300
487350
533950
263020
324510
1052990
1093880
840140
296180
322520
1303210
935840
1058430
780210
463250
1057430
489000
594040
3810
567160
328100
234370
716680
747350
1195830
328270
102200
458520
434160
397840
600210
1691420
283180
358080
319540
1445010
1428310
1489630
305980
603530
1057720
1599220
1683620
880510
981290
216290
649600
1133760
358250
1831780
484830
604040
1024650
497050
259570
1523350
1520810
1220930
340300
1134710
1246020
513340
1259560
1296880
1325310
1859610
1629150
589430
378360
498500
269370
1033810
391590
1454520
783840
1878350
1011300
305500
1114420
449050
347630
1672140
657010
949050
388620
1410640
311120
498710
572660
1389550
363360
311250
1355930
1413870
1213700
1441840
330990
1075740
1385690
782140
823950
850500
363330
537520
1811140
336130
226960
238870
1544540
871100
279260
369030
494430
588690
344840
1258780
2026070
738500
524910
387930
1171140
1710170
354650
451130
527340
931500
1282200
604190
342300
1464930
1117160
1008690
1115780
1030760
371390
703840
607460
1389540
465100
622460
545700
1454430
373240
326520
528550
219200
1495800
297760
312370
956430
316930
1101140
12470
866540
988430
514500
685420
885640
450700
1527710
404530
1814200
1053000
275290
1576790
448570
1041840
200980
357310
461970
817840
891170
965230
1007740
428870
1931370
1206060
340270
267900
495050
340730
1568620
1005930
570890
363130
32640
1361680
1002930
656120
454060
227060
1591160
1158850
1295670
319480
1279240
375620
1706980
41740
453910
1897580
277870
1477330
203210
400660
844330
602770
99400
418110
301460
397150
11230
46440
559010
852790
236930
880400
970570
1583690
551110
361230
595060
1376470
500150
408740
796290
1158690
976940
1037020
305380
320330
415300
3980
1726180
388490
1490010
308460
2065920
697630
44690
292990
356380
481110
1406020
386420
1349830
286200
271760
1406350
364810
1129210
612930
1079160
1442820
202410
1376420
1740180
1785120
240620
893740
955170
293520
385250
32450
202860
555660
1210260
342260
351250
1628370
618620
843810
3560
340580
92900
317530
271370
27000
257630
25600
279500
104020
436140
333430
480480
402040
429610
441830
963210
1017410
881320
289420
355020
1443500
1344790
229870
1373810
979260
562430
449000
540610
631830
388420
584800
1449200
412460
1670890
34920
1165270
1295500
990250
222618
670500
653220
1783200
615120
1366270
392450
503400
727450
1150590
823610
388320
577740
1259180
1076600
742250
1512520
447570
485400
1371160
264690
1084640
553520
780350
1255970
932570
1228430
934060
705770
340830
461620
302360
1194930
1824440
272620
654050
1557990
1274490
1626890
396350
416040
377150
1411670
1617360
552450
577230
207020
1354300
682530
452510
1178400
734020
469930
1420770
1255650
409450
1722620
1506850
815040
850450
260570
252270
523210
1283130
351700
1530750
876470
502400
485490
473140
293660
441680
1278360
1480260
619610
407300
1532180
211280
517160
850290
1827780
261720
270130
277270
611350
80300
367270
1208260
317380
356070
1054310
489900
352950
762560
577890
200020
3820
1216470
489460
332530
758870
453100
629690
259890
1514660
1917760
1464420
420850
313400
1127460
1618230
611160
2000000
719930
293940
1584540
1462810
583270
703940
515020
60800
461750
415150
1397790
797400
1393220
461380
1161490
963000
1264740
1418160
448240
873190
1158450
1506600
18450
1357610
565110
1769730
327090
1205240
350970
301740
457860
316600
542660
400450
262190
257220
2780
1576060
12500
485650
1195910
1357540
756880
627950
564210
729580
949000
461820
1191120
1075430
1799930
627670
252550
884550
669630
1406850
279540
632070
3450
498600
449130
1361480
1544360
1110910
786450
1547890
1296280
891480
1715130
335890
395760
1173950
290530
1390190
1683580
400360
1184320
978780
936210
976160
1389420
1109410
363610
17100
1957560
606870
283270
287720
206040
469720
1138850
500940
810670
652150
105420
1054550
2011470
1455920
35010
1508980
434260
1561560
966420
463390
1548890
1690
1160490
1580640
355280
1630640
375530
263560
1731490
541230
699920
1577290
1227650
324140
579760
910460
497940
1296360
1553320
1047440
383460
317620
560170
1699130
601810
696480
922100
32160
273590
840210
938270
1087960
618750
397330
1445890
328730
1157340
1095060
50000
1480340
634070
733990
494740
269310
855630
787110
9710
889730
1530140
1612980
420930
262960
248800
92210
740260
313130
272600
390910
585360
434920
666330
925570
1377160
1965670
440730
450190
514580
587460
1388030
783810
355130
105100
363510
879850
391280
700170
262790
868520
1069640
574050
200990
515260
1498570
762220
40350
808100
624060
266390
1361700
1339460
33950
2570
606730
448710
375750
656070
46370
1441570
1170060
508790
369040
1508680
400790
1877330
316430
247140
398030
36910
1061100
411740
511090
1552350
517130
584170
1886830
323280
439910
1524110
46770
599080
555710
297450
979310
355500
649640
629770
1374930
1029210
1666600
1749710
513740
824070
291130
628950
555880
278440
45450
1092590
448610
332360
589770
1995060
691150
215670
465720
862800
407310
61510
785890
530350
284240
1238280
353540
1188970
976010
24460
336760
419460
1422610
1464380
1032790
405290
585910
681730
677810
537990
326950
1803150
1869990
1042910
666570
513230
49900
346730
244890
807140
1120320
1522660
460430
1868050
307590
317710
302790
286140
987020
1297160
244030
1894320
1475400
875740
1388860
770500
1444350
914320
299500
200080
633360
283310
528450
331190
375520
1020520
270010
568720
698540
340220
1476520
359650
1312160
1492450
389510
1303270
873840
890920
1058370
1224290
246980
1113940
42140
1512650
983350
49330
404580
1012730
547910
264520
1671350
514480
473450
1366720
1078920
501030
846110
1344340
569970
1368820
1372530
687260
415610
744980
580720
440950
1305720
442210
231310
876850
98600
482450
15080
802870
1530340
1005340
63800
565030
569770
242840
313080
777400
200150
1385380
676770
773580
576750
906930
912590
702150
396850
775940
822990
1642230
895570
1569090
461360
965300
274880
1316230
1408220
46270
1152340
35800
420000
496550
425670
434020
379210
392940
1103780
739240
1713530
1449100
382260
491040
920500
614090
426690
1305130
423760
1565090
4520
1254360
606710
25850
578440
283660
453720
356910
1227780
42920
925940
1314140
269270
1158720
469650
375320
464800
1371480
638650
990050
298140
1334120
355070
897410
331920
612620
874380
418300
1200230
1203930
428630
1378860
741670
319050
580420
1498790
798290
1764390
1889320
605230
1216060
690610
1622060
851530
895110
229520
354160
613900
1082710
351150
1002850
1403080
1369800
581030
598530
316160
658970
1388910
1434610
603320
49300
887570
1005410
444590
512410
263820
342020
1349540
403290
1015140
751820
1174720
369290
542780
304670
1116880
1389190
897820
575780
550580
584640
1058770
405440
359580
1195220
1233460
314030
370710
866150
668550
1393500
777240
638060
270110
1146500
205830
1627280
310850
640050
253190
1380420
330270
1401610
429530
1602010
279990
1678140
1108590
1511950
557680
431220
348470
388800
1347420
473520
339130
1385190
2018260
467010
448930
302130
415350
1063490
393390
1452900
1058450
238930
293220
396530
806510
291330
262650
871990
539640
941120
316610
798380
278490
751110
362140
516110
1384840
436560
1922870
538840
1328500
748490
1202100
364930
229580
445230
1203420
1071120
454890
345610
979560
306700
697610
878570
1333920
724250
320540
926420
341090
269010
1405470
735580
1136870
455970
285840
315810
844260
439340
38440
1434470
409870
1354530
406730
1939810
208640
774541
1482910
277490
357650
27900
246110
1244950
300820
1443490
904380
1417010
341060
306680
1444020
546340
1365760
450170
1574270
773520
549860
19200
567340
1373170
1672360
251310
527450
1038740
1367300
1566500
1476080
816350
247370
338320
915670
1265860
403880
718940
208600
1044980
1192900
1197520
859150
62100
1477830
280720
1122960
553260
1824160
1784730
481190
266170
1507260
494810
1068980
610380
234290
1072500
286220
1142360
1745380
325790
407330
80350
898650
891200
287020
383930
1625110
934860
27400
1018850
646360
1499640
1351170
474030
1367760
1345820
453960
340770
1277930
603260
416770
485730
539670
606680
536420
766280
861250
392920
252710
289460
1163590
6250
667360
207370
920190
1032520
1337010
1162070
661940
1382350
1501760
1115050
1135810
2520
1215090
1338090
285480
263360
277470
395400
1970560
1368830
1484900
27920
316720
1915420
1362400
397350
218040
1309820
229970
205530
939930
437400
415030
636400
1386890
1444650
1325890
73190
624690
957790
949060
295750
524640
896160
840130
321870
1935460
465200
510500
587260
1141650
331650
700660
548290
1081810
1492160
222606
1255420
1364150
1389160
1379130
574760
1265230
1283140
340320
987910
1846170
251450
557040
964040
1904160
327670
1028860
1898550
1758050
886900
1495670
1851280
333300
1457920
373440
1264250
838530
1175250
49810
1303660
1732750
704030
803980
448850
1769170
207430
1388310
412770
203560
793250
429600
347670
362810
669950
555210
330420
1290830
291450
1368340
926720
1446090
1188720
1201230
718310
446380
513290
616700
512080
659190
416030
884090
1386780
954070
1244630
1566410
885000
340030
1573070
598550
8790
1147510
319470
341950
458590
269230
1371810
959750
1016960
595430
1014270
332710
454410
457490
579230
478960
497820
687920
1261750
450860
1820890
1508740
1355390
1291500
717610
375680
1513120
491260
637330
1133590
2056160
1468370
907470
702120
962580
1313330
1279320
931280
554310
351100
337040
418270
564050
282030
960330
1098340
789760
567670
366240
264560
1019550
885240
616250
253610
573490
1097530
682970
638160
1787470
266030
984240
502130
741510
1629160
1065970
509800
412310
232970
1027990
1713550
1198320
1369760
412790
743390
281280
401690
650760
628050
528580
1078590
458560
1685020
1335240
904740
1305500
1995050
224740
511960
556060
1099400
830820
485030
340490
529770
428370
610780
915720
1021670
646240
845250
1395850
965680
461850
1903480
1337240
1414500
1894760
931270
351630
318130
265870
299950
201010
1770660
377860
403400
339790
1640
399520
3600
546660
405950
655460
603750
1723260
1228520
437390
456540
756440
523740
1561910
920690
826480
1397980
320150
341550
1781230
1372320
610960
644640
629220
63960
344770
569720
631660
1378290
1469160
1190150
463100
926340
545580
307640
512300
995980
743580
482300
485000
318690
498030
25620
1269550
553340
606960
1517150
359810
385900
882110
642000
542740
910320
410430
18480
255920
34420
262850
235980
687630
727130
1274360
1503350
1259000
256010
375220
11590
762830
551930
1531720
500980
623550
1429740
1658740
545410
551730
369420
1464200
505730
253790
490910
920470
1118380
1718870
1284240
846030
1061880
941650
1120850
49800
579820
1054430
294370
1178790
711560
1734320
340340
1242730
1011670
1580790
1154810
624460
593620
857410
668210
1949270
515040
261700
633110
1450100
111100
834280
277540
252830
1489400
753610
1634290
1036890
202070
317100
372750
1987080
533690
1446180
726390
1196470
488730
703870
257970
1093170
1593350
568320
323630
714240
682910
1472560
FIM
